      0.100000000000       0.150292473635
      0.150292473635       0.225878276314
      0.225878276314       0.339478048878
      0.339478048878       0.510209957108
      0.510209957108       0.766807165271
      0.766807165271       1.152453456699
      1.152453456699       1.732050807569
      1.732050807569       2.603142003317
      2.603142003317       3.912326509026
      3.912326509026       5.879932287107
      5.879932287107       8.837095682378
      8.837095682378      13.281489698570
     13.281489698570      19.961079403607
     19.961079403607      30.000000000000
