         4           0.00000000           0.10000000           0.15029247 
        15           0.00000000           0.15029247           0.22587828 
        44           0.00000000           0.22587828           0.33947805 
       166           0.00000000           0.33947805           0.51020996 
       521           0.00000000           0.51020996           0.76680717 
      1867           0.00000000           0.76680717           1.15245346 
      6387           0.00000000           1.15245346           1.73205081 
     21351           0.00000000           1.73205081           2.60314200 
     72225           0.00000000           2.60314200           3.91232651 
    243486           0.00000000           3.91232651           5.87993229 
    828759           0.00000000           5.87993229           8.83709568 
   2808416           0.00000000           8.83709568          13.28148970 
   9500537           0.00000000          13.28148970          19.96107940 
  32093160           0.00000000          19.96107940          30.00000000 
