###################################################
# Type        time       iteration         rpmax   
#   s           d            l               d     
###################################################
        DD       1.4221            1      5.000
        DD       1.0841            2      5.000
        DD       1.0810            3      5.000
        DD       1.0755            4      5.000
        DD       1.0821            5      5.000
        DD       1.0845            6      5.000
        DD       1.3474            7      5.000
        DD       1.1387            8      5.000
        DD       1.0843            9      5.000
        DD       1.0909           10      5.000
        DD       1.0929            1     10.000
        DD       1.0932            2     10.000
        DD       1.5304            3     10.000
        DD       1.5793            4     10.000
        DD       1.3644            5     10.000
        DD       1.0903            6     10.000
        DD       1.0941            7     10.000
        DD       1.0949            8     10.000
        DD       1.0997            9     10.000
        DD       1.0957           10     10.000
        DD       1.0138            1     15.000
        DD       1.0285            2     15.000
        DD       0.9850            3     15.000
        DD       0.9848            4     15.000
        DD       0.9838            5     15.000
        DD       0.9860            6     15.000
        DD       0.9818            7     15.000
        DD       0.9822            8     15.000
        DD       0.9860            9     15.000
        DD       0.9853           10     15.000
        DD       0.8978            1     20.000
        DD       0.8937            2     20.000
        DD       0.8980            3     20.000
        DD       0.8954            4     20.000
        DD       0.8961            5     20.000
        DD       0.8985            6     20.000
        DD       0.8976            7     20.000
        DD       0.8989            8     20.000
        DD       0.8970            9     20.000
        DD       0.8995           10     20.000
        DD       0.6861            1     25.000
        DD       1.0025            2     25.000
        DD       0.6893            3     25.000
        DD       0.6877            4     25.000
        DD       0.6878            5     25.000
        DD       0.6876            6     25.000
        DD       0.6872            7     25.000
        DD       0.6874            8     25.000
        DD       0.6867            9     25.000
        DD       0.6911           10     25.000
        DD       1.0050            1     30.000
        DD       1.0125            2     30.000
        DD       1.0032            3     30.000
        DD       1.1408            4     30.000
        DD       1.0727            5     30.000
        DD       0.6895            6     30.000
        DD       0.6901            7     30.000
        DD       0.6899            8     30.000
        DD       0.6889            9     30.000
        DD       0.6898           10     30.000
        DD       0.7689            1     35.000
        DD       1.0281            2     35.000
        DD       0.7119            3     35.000
        DD       0.7121            4     35.000
        DD       0.7116            5     35.000
        DD       0.7121            6     35.000
        DD       0.7111            7     35.000
        DD       0.7124            8     35.000
        DD       0.7130            9     35.000
        DD       0.7129           10     35.000
        DD       0.7827            1     40.000
        DD       1.0724            2     40.000
        DD       0.7530            3     40.000
        DD       0.7541            4     40.000
        DD       0.7528            5     40.000
        DD       0.7537            6     40.000
        DD       0.7529            7     40.000
        DD       0.7534            8     40.000
        DD       0.7531            9     40.000
        DD       0.7541           10     40.000
        DD       1.1710            1     45.000
        DD       0.8524            2     45.000
        DD       0.8509            3     45.000
        DD       0.8520            4     45.000
        DD       0.8509            5     45.000
        DD       0.8522            6     45.000
        DD       0.8521            7     45.000
        DD       0.8531            8     45.000
        DD       0.8516            9     45.000
        DD       0.8524           10     45.000
        DD       1.3298            1     50.000
        DD       1.0117            2     50.000
        DD       1.0104            3     50.000
        DD       1.0113            4     50.000
        DD       1.0115            5     50.000
        DD       1.0117            6     50.000
        DD       1.0108            7     50.000
        DD       1.0124            8     50.000
        DD       1.0121            9     50.000
        DD       1.0108           10     50.000
        DD       1.5278            1     55.000
        DD       1.5265            2     55.000
        DD       1.2092            3     55.000
        DD       1.2090            4     55.000
        DD       1.2082            5     55.000
        DD       1.2090            6     55.000
        DD       1.2086            7     55.000
        DD       1.2082            8     55.000
        DD       1.2092            9     55.000
        DD       1.7107           10     55.000
        DD       1.7486            1     60.000
        DD       1.7106            2     60.000
        DD       1.3940            3     60.000
        DD       1.3925            4     60.000
        DD       1.3919            5     60.000
        DD       1.3914            6     60.000
        DD       1.3925            7     60.000
        DD       1.3909            8     60.000
        DD       1.3934            9     60.000
        DD       1.3941           10     60.000
        DD       1.7104            1     65.000
        DD       2.0304            2     65.000
        DD       1.7098            3     65.000
        DD       1.7179            4     65.000
        DD       1.7129            5     65.000
        DD       1.7125            6     65.000
        DD       1.7107            7     65.000
        DD       1.7124            8     65.000
        DD       1.7133            9     65.000
        DD       1.7120           10     65.000
        DD       2.0117            1     70.000
        DD       2.0186            2     70.000
        DD       2.0108            3     70.000
        DD       2.0131            4     70.000
        DD       2.0169            5     70.000
        DD       2.0136            6     70.000
        DD       2.0175            7     70.000
        DD       2.0193            8     70.000
        DD       2.0125            9     70.000
        DD       2.0909           10     70.000
        DD       2.4466            1     75.000
        DD       2.7665            2     75.000
        DD       2.4528            3     75.000
        DD       2.4474            4     75.000
        DD       2.7673            5     75.000
        DD       2.5052            6     75.000
        DD       2.4445            7     75.000
        DD       2.4753            8     75.000
        DD       2.4440            9     75.000
        DD       2.4603           10     75.000
        DD       2.9423            1     80.000
        DD       2.9768            2     80.000
        DD       2.9305            3     80.000
        DD       2.9332            4     80.000
        DD       2.9322            5     80.000
        DD       2.9332            6     80.000
        DD       2.9300            7     80.000
        DD       2.9327            8     80.000
        DD       2.9306            9     80.000
        DD       2.9336           10     80.000
        DD       3.6659            1     85.000
        DD       3.3471            2     85.000
        DD       3.3495            3     85.000
        DD       3.3508            4     85.000
        DD       3.3481            5     85.000
        DD       3.3974            6     85.000
        DD       3.6655            7     85.000
        DD       3.3527            8     85.000
        DD       3.6667            9     85.000
        DD       3.3491           10     85.000
        DD       3.9838            1     90.000
        DD       3.9866            2     90.000
        DD       3.6686            3     90.000
        DD       3.9910            4     90.000
        DD       3.9969            5     90.000
        DD       3.6676            6     90.000
        DD       3.6660            7     90.000
        DD       3.6656            8     90.000
        DD       3.6633            9     90.000
        DD       3.6622           10     90.000
        DD       4.4865            1     95.000
        DD       4.4859            2     95.000
        DD       4.1688            3     95.000
        DD       4.1674            4     95.000
        DD       4.1679            5     95.000
        DD       4.1678            6     95.000
        DD       4.1693            7     95.000
        DD       4.1681            8     95.000
        DD       4.1693            9     95.000
        DD       4.1655           10     95.000
        DR       2.6871            1      5.000
        DR       2.6994            2      5.000
        DR       2.4360            3      5.000
        DR       2.4472            4      5.000
        DR       2.4408            5      5.000
        DR       2.4455            6      5.000
        DR       2.4467            7      5.000
        DR       2.4504            8      5.000
        DR       2.4427            9      5.000
        DR       2.4367           10      5.000
        DR       2.7472            1     10.000
        DR       2.7411            2     10.000
        DR       2.4700            3     10.000
        DR       2.4790            4     10.000
        DR       2.4770            5     10.000
        DR       2.4314            6     10.000
        DR       2.3854            7     10.000
        DR       2.3376            8     10.000
        DR       2.3826            9     10.000
        DR       2.3310           10     10.000
        DR       2.2949            1     15.000
        DR       2.2995            2     15.000
        DR       2.3091            3     15.000
        DR       2.2953            4     15.000
        DR       2.3113            5     15.000
        DR       2.2866            6     15.000
        DR       2.4517            7     15.000
        DR       2.3326            8     15.000
        DR       2.3084            9     15.000
        DR       2.3346           10     15.000
        DR       2.3235            1     20.000
        DR       2.2841            2     20.000
        DR       2.2804            3     20.000
        DR       2.2849            4     20.000
        DR       2.3100            5     20.000
        DR       2.5123            6     20.000
        DR       2.1162            7     20.000
        DR       2.0693            8     20.000
        DR       2.0715            9     20.000
        DR       2.3541           10     20.000
        DR       2.3581            1     25.000
        DR       2.0687            2     25.000
        DR       2.0912            3     25.000
        DR       2.0780            4     25.000
        DR       2.3675            5     25.000
        DR       2.3570            6     25.000
        DR       2.6679            7     25.000
        DR       2.3622            8     25.000
        DR       2.0755            9     25.000
        DR       2.1572           10     25.000
        DR       2.4567            1     30.000
        DR       3.0539            2     30.000
        DR       2.7401            3     30.000
        DR       2.7611            4     30.000
        DR       2.7368            5     30.000
        DR       2.4549            6     30.000
        DR       2.4564            7     30.000
        DR       2.4689            8     30.000
        DR       2.4516            9     30.000
        DR       2.4624           10     30.000
        DR       3.7029            1     35.000
        DR       3.4763            2     35.000
        DR       3.4800            3     35.000
        DR       3.1647            4     35.000
        DR       3.1718            5     35.000
        DR       3.7097            6     35.000
        DR       3.1547            7     35.000
        DR       3.1687            8     35.000
        DR       3.2089            9     35.000
        DR       3.2022           10     35.000
        DR       4.6191            1     40.000
        DR       4.3251            2     40.000
        DR       4.6424            3     40.000
        DR       4.3543            4     40.000
        DR       4.3356            5     40.000
        DR       4.6418            6     40.000
        DR       4.6249            7     40.000
        DR       4.8738            8     40.000
        DR       4.4068            9     40.000
        DR       4.4797           10     40.000
        DR       5.6905            1     45.000
        DR       5.9508            2     45.000
        DR       5.6646            3     45.000
        DR       5.6667            4     45.000
        DR       5.6728            5     45.000
        DR       5.6714            6     45.000
        DR       5.6634            7     45.000
        DR       5.6706            8     45.000
        DR       5.6698            9     45.000
        DR       5.6767           10     45.000
        DR       7.5066            1     50.000
        DR       7.5092            2     50.000
        DR       7.4995            3     50.000
        DR       7.4958            4     50.000
        DR       7.5219            5     50.000
        DR       7.8162            6     50.000
        DR       7.5141            7     50.000
        DR       7.5339            8     50.000
        DR       7.5257            9     50.000
        DR       7.5260           10     50.000
        DR       9.6165            1     55.000
        DR       9.6173            2     55.000
        DR       9.8760            3     55.000
        DR       9.8934            4     55.000
        DR       9.6548            5     55.000
        DR       9.6101            6     55.000
        DR       9.6180            7     55.000
        DR       9.6132            8     55.000
        DR       9.6527            9     55.000
        DR       9.9154           10     55.000
        DR      11.6840            1     60.000
        DR      11.7344            2     60.000
        DR      11.7247            3     60.000
        DR      11.7229            4     60.000
        DR      11.7083            5     60.000
        DR      11.6477            6     60.000
        DR      11.6555            7     60.000
        DR      11.6396            8     60.000
        DR      11.6342            9     60.000
        DR      11.6553           10     60.000
        DR      15.0689            1     65.000
        DR      15.0906            2     65.000
        DR      15.3838            3     65.000
        DR      15.0620            4     65.000
        DR      15.0205            5     65.000
        DR      15.0556            6     65.000
        DR      15.0471            7     65.000
        DR      15.0637            8     65.000
        DR      15.0673            9     65.000
        DR      15.0867           10     65.000
        DR      17.9851            1     70.000
        DR      17.9355            2     70.000
        DR      17.9625            3     70.000
        DR      17.9244            4     70.000
        DR      17.9213            5     70.000
        DR      17.9791            6     70.000
        DR      17.9575            7     70.000
        DR      17.9632            8     70.000
        DR      17.9561            9     70.000
        DR      17.9808           10     70.000
        DR      22.9426            1     75.000
        DR      22.9756            2     75.000
        DR      23.5204            3     75.000
        DR      23.0483            4     75.000
        DR      22.9212            5     75.000
        DR      23.3035            6     75.000
        DR      23.2968            7     75.000
        DR      23.0085            8     75.000
        DR      22.9945            9     75.000
        DR      22.9715           10     75.000
        DR      27.8744            1     80.000
        DR      27.8555            2     80.000
        DR      29.3863            3     80.000
        DR      27.9543            4     80.000
        DR      28.2793            5     80.000
        DR      28.0803            6     80.000
        DR      27.8737            7     80.000
        DR      28.0720            8     80.000
        DR      27.7900            9     80.000
        DR      28.0628           10     80.000
        DR      32.2717            1     85.000
        DR      32.2841            2     85.000
        DR      32.2056            3     85.000
        DR      31.9885            4     85.000
        DR      31.9048            5     85.000
        DR      32.0394            6     85.000
        DR      32.0113            7     85.000
        DR      32.1612            8     85.000
        DR      32.0361            9     85.000
        DR      32.0445           10     85.000
        DR      34.8336            1     90.000
        DR      34.8913            2     90.000
        DR      35.0458            3     90.000
        DR      34.8349            4     90.000
        DR      35.2309            5     90.000
        DR      34.8828            6     90.000
        DR      34.9314            7     90.000
        DR      34.9986            8     90.000
        DR      35.0031            9     90.000
        DR      34.9552           10     90.000
        DR      41.2136            1     95.000
        DR      41.1152            2     95.000
        DR      41.4005            3     95.000
        DR      41.1238            4     95.000
        DR      41.0660            5     95.000
        DR      41.4567            6     95.000
        DR      41.4595            7     95.000
        DR      41.1304            8     95.000
        DR      41.0590            9     95.000
        DR      41.2044           10     95.000
